《仙人之兮列如麻》
《潮流》
《四大名熊》
“洗刷刷，洗刷刷”一摸一样
文艺复兴
让金坷垃再次伟大
膳（禁止谐音
钉钉子 x18
No no no是看有没有我家哥哥！
《金坷垃是检验神曲的唯一标准！》
5
文藝復興
金坷垃星检验神曲的唯一标准
《火》
鬼畜之集大成者
我冲封面点进来的，为了我家鸽鸽…
唯一缺点：时长太短
鬼畜区终于回来了！
狂人日记 
火钳刘名
衫连了~
5分钟前！
要素基本上都全了
《祖传片(头)尾》
《大秀才》
5
5
5
5
5
5
5
5
5
5
5
5
5
5
5
5
5
老婆我爱你
5
5
5
5
5
5
5
5
5
5
哔哩哔哩 - ( ゜- ゜)つロ乾杯
233333333
5
5
5
5
5
5
5
5
5
5
5
5
5
文 艺 复 兴
5
5
5
5
5
5
5
5
5
5
5
5
5
5
5
5
5
5
5
5
5
5
5
5
5
999
5
5
5
5
5
5
5
5
5
5
文艺复兴
5
5
5
5
5
5
5
5
5
5
5
5
5
5
5
5
5
5
5
5
5
5
5
5
5
5
5
5
5
5
5
5
5
5
5
5
灰太狼：啊！我一定会回来的！
5
5
5
5
5
5
5
5
5
5
5
5
5
5
5
5
5
5
5
5
5
5
5
5
5
5
5
文艺复兴
5
5
5
5
5
5
5
5
5
5
5
5
5
5
5
5
5
5
5
5
5
5
5
《击打石鼓》。
5
5
5
5
5
5
5
5
5
5
5
5
5
5
5
5
5
5
5
5
5
5
5
5
5
5
5
5
5
5
5
5
5
5
5
5
5
5
5
5
5
5
5
5
5
5
5
《报菜名》
5
蓝蓝路☆蓝蓝路☆蓝蓝路☆蓝蓝路☆蓝蓝路☆蓝蓝路☆蓝蓝路☆
蓝蓝路☆蓝蓝路☆蓝蓝路☆蓝蓝路☆蓝蓝路☆蓝蓝路☆蓝蓝路☆
5
5
5
5
5
5
5
5
5
5
5
5
5
5
5
5
5
今夕是何年
5
5
5
5
接！（
接（
5
5
回来了，都回来辣！
5
5
5
5
5
5
5
5
5
5
5
5
5
5
5
5
《割叽巴》
5
5
5
5
文艺复兴
永远反弹
5
5
5
5
5
5
5
5
5
文艺复兴
5
5
5
5
5
5
5
5
5
文艺复兴
5
5
5
5
5
5
5
5
5
没崩住
没崩住
5
5
5
5
5
《拱》
5
让我这位微笑哥失态了
5
5
5
5
5
5
5
5
5
5
5
5
5
5
文艺复兴
文艺复兴
5
5
5
5
文艺复兴
5
新 年 快 乐
5
5
5
5
5
5
5
哔哩哔哩( ゜- ゜)つロ乾杯～
德国boy
今夕是何年
5
感觉那一瞬间我回到了2020年
5
5
文艺复兴
文艺复兴
文艺复兴
5
5
5
5
5
5
文艺复兴☆
5
5
5
5
5
5
5
5
5
5
5
无敌了。
耳朵怀孕了
求野生字幕菌
耳朵怀孕了
[ohh]
5
5
5
5
5
文艺复兴
额
啊梗Z
5
5
5
5
5
5
5
5
5
5
5
5
5
5
5
5
5
5
5
5
5
5
5
5
5
5
5
5
5
5
5
5
5
5
5
5
哔哩哔哩 - ( ゜- ゜)つロ乾杯
5
5
5
5
5
5
5
5
5
5
5
5
5
5
5
5
5
5
5
5
5
5
5
5
5
5
唯一真神
5
5
5
5
5
5
5
5
5
哔哩哔哩 - ( ゜- ゜)つロ 乾杯~bilibili
5
5
5
5
5
5
5
5
5
5
5
5
5
5
5
文艺复兴
成分过多
文  艺  复  兴
5
5
《打飞机》
5
5
烩绘你
5
5
5
原声大碟
哔哩哔哩( ゜ -゜)つロ 乾杯~
金坷垃是鉴定神曲的唯一标准！！！
5
55555
555555555555555555555555555555555555555555555555555555555555555555555555555555555555555555555
5555555555555555555555555555555555555555555555555555555555555555555555555555555555555555555555555555
满级开头
文艺复兴
5
5
5
5
5
5
5
5
5
5
5
5
5
5
5
5
5
5
5
5
5
5
5
听完了
文艺复兴
顶针
5
无敌了
5
5
5
法外狂徒
5
5
都2025了，我居然才刷到
5
5
5
5
5
《这并不可笑嘛》
5
5
5
5
5
战术吸气
5
5
5
5
5
5
金坷垃星检验神曲的唯一标准
5
5
5
5
5
5
5
5
5
5
555
5
5
5
5
文艺复兴
5
5
5
5
5
5
5
5
焦迟但到
5
5
5
这2分52秒真难熬啊
5
5
无敌的0.5倍速
5
5
5
5
5
5
5
5
5
5
5
5
5
5
5
5
5
5
5
5
5
5
5
5
5
5
5
5
5
5555555
5
5
5
5
5
5
5
5
5
5
5
笑得小女子一抽一抽的
5
5
5
5
仙之人兮列麻
5
5
5
5
5
5
新年快乐（随两个币子）
5
5
5
5
5
5
发55的我接了
5
5
5
555555555555555555555555555555555555555555555555255555
5
5
5
5
5
5
5
5
喜羊羊，美羊羊，懒羊羊，沸羊羊，慢羊羊，软绵绵，红太狼，灰太狼
哔哩哔哩乾杯 []~（￣▽￣）~*
5
5
5
文艺复兴
文艺复兴
哔哩哔哩 - ( ゜- ゜)つロ乾杯
5
5
5
5
5
5
5
5
旧文化运动
5
火钳刘明
5
5
5
5
5
5
5
5
5
5
5
5
5
5
5
5
5
5
5
5
5
5
5
5
5
5
5
蓝蓝路～～
5
5
5
5
5
5
5
5
5
5
文艺复兴
全体起立
金坷垃是鉴定神曲的唯一标准！！！
5
5
5
5
两分五十秒感觉从小学一下到了大学毕业找工作……
5
5
5
不好了，笔友们鬼畜区又打回来了
5
5
5
5
5
5
5
5
5
5
5
5
5
这一段好不错
5
5
5
5
5
5
5
5
5
5
5
5
5
5
5
5
5
5
5
我在等一位故人…
21世纪的文艺复兴
5
5
5
5
5
5
5
《鬼畜成长史》
5
5
5
5
5
5
5
哔哩哔哩 - ( ゜- ゜)つロ乾杯
5
5
5
5
5
文艺复兴文艺复兴文艺复兴文艺复兴文艺复兴文艺复兴文艺复兴
哔哩哔哩 (゜-゜)つロ 干杯~-bilibili
5
5
5
5
5
5
5
5
5
5
但到
金坷垃是检验神曲的唯一标准！
5
5
5
5
5
5
5
5
5
5
5
5
5
5
5
老爹：鳕鱼乌鸦，还有，什么，还有乌鸦坐飞机
老爹：冲咖啡，活不长，土拨鼠，蝴蝶翅
5
5
炸了哈哈哈
5
5
5
仙之人兮列如麻
《那么积极》
LBWNB！
蓝蓝路～
教主！
5
5
5
5
5
文艺复兴
5
5
5
5
文艺复兴
5
5
5
5
5
5
文艺复兴一
5
文艺复兴
5
5
5
5
5
5
5
5
5
5
5
5
5
哔哩哔哩(゜-゜)つロ干杯~-bilibili
哔哩哔哩(゜-゜)つロ干杯~-bilibili
哔哩哔哩(゜-゜)つロ干杯~-bilibili
哔哩哔哩(゜-゜)つロ干杯~-bilibili
哔哩哔哩(゜-゜)つロ干杯~-bilibili
哔哩哔哩(゜-゜)つロ干杯~-bilibili
5
5
5
5
5
KKK
5
5
5
文艺复兴
5
5
5
5
5
5
That is good
5
5
5
5
5
哔哩哔哩 - ( ゜- ゜)つロ乾杯
5
好活当赏
好活
鬼畜YYDS
文艺复兴
555555555555
5
5
活字印刷
5
5
5
5
5
5
5
5
5
5
5
5
5
5
5
5
5
5
5
听懂掌声！！！
太强了
文艺复兴
5
5
5
5
哔哩哔哩( ゜ -゜)つロ 乾杯~
5
5
5
文艺复兴
火钳刘明
5
5
5
5
5
5
5
5
5
5
5
5
5
5
5
至此，已成艺术
5
5
5
这里光头强说的都是老版本的话
5
5
5
5
5
5
5
5
5
5
5
5
5
5
5
5
5
5
5
5
5
5
5
5
5
5
5
5
5
5
5
5
5
5
5
5
5
5
5
5
5
5
憋不住了
5
5
5
5
文艺复兴
5
5
这手机跟是吃了菌子一样
文艺复兴
5
5
5
5
5
5
5
现在256万播放  过两天我再来看看
5
5
5
5
5
5
5
5
5
5
5
5
5
5
5
5
5
5
5
5
5
5
5
5
5
5
5
5
5
5
5
5555555555555555555555555555555555555555555555555555555555555555555555555555555555555555555555555555
5
5
5
5
5
这位是真神
5
5
5
5
反弹
5
5
5
5
金坷垃是鉴定神曲的唯一标准！！！
能看懂90%，都是老梗了
5
5
5
5
5
5
5
5
5
5
5
5
5
5
5
5
人机
5
5
5
5
5
5
5
文艺复兴
5
百花齐放百家争鸣文艺复兴
没有切格拉瓦呀。
文艺复兴
5
5
5
今夕是何年
5
5
5
5
5
555
5
5
教主一到，洗脑开始！
5
5
5
5
5
5
5
5
金坷垃是检验金曲的唯一准则
文艺复兴
群贤毕至，少长咸集
5
5
5
成分复杂
5
5
5
5
5
5
5
5
文艺复兴
5
5
5
5
5
5
5
5
5
5
5
5
5
5
5
5
5
5
5
文艺复兴
5
5
5
5
5
5
5
5
5
5
5
5
5
5
5
5
5
5
5
5
5
5
5
5
5
5
5
5
5
5
5
5
5
5
5
5
坤神回归
5
5
5
